annotate-colour: green
created: 20240805064336350
creator: 林一二
difficulty: 3.9994
due: 20241215064649010
elapsed_days: 12.040463217592592
lapses: 0
last_review: 20241112064649010
modified: 20240805064339060
modifier: 林一二
reps: 2
scheduled_days: 33
stability: 32.973545789500896
state: 2
tags: 博客文章 开发知识管理系统
title: 2017-08-21-前端插件系统设计.md
type: text/x-markdown